0	 1	 60	
 9.96928791e-01	 -2.09036339e-02	  7.54556094e-02	  7.62982069e-02	
 2.82537258e-02	  9.94816243e-01	 -9.76968162e-02	 -9.92496433e-02	
-7.30234395e-02	  9.95295739e-02	  9.92351627e-01	 -1.89449094e-02	
 0.00000000e+00	  0.00000000e+00	  0.00000000e+00	  1.00000000e+00	
0	 2	 60	
 9.55038551e-01	 -1.54280531e-01	  2.53172040e-01	  1.86017996e-01	
 1.45313296e-01	  9.87918757e-01	  5.38608729e-02	 -8.90893979e-02	
-2.58424512e-01	 -1.46485186e-02	  9.65919618e-01	 -1.85179452e-01	
 0.00000000e+00	  0.00000000e+00	  0.00000000e+00	  1.00000000e+00	
1	 2	 60	
 9.75084096e-01	 -1.24824926e-01	  1.83383257e-01	  1.21808963e-01	
 9.88754142e-02	  9.84562333e-01	  1.44426058e-01	 -8.73107349e-03	
-1.98580362e-01	 -1.22695152e-01	  9.72373304e-01	 -1.57676603e-01	
 0.00000000e+00	  0.00000000e+00	  0.00000000e+00	  1.00000000e+00	
1	 34	 60	
 4.18673825e-01	 -3.86012943e-01	  8.22012020e-01	 -2.30746099e+00	
 1.52659542e-01	  9.22199742e-01	  3.55305747e-01	 -7.49586011e-01	
-8.95209483e-01	 -2.32701749e-02	  4.45030372e-01	  1.49160709e+00	
 0.00000000e+00	  0.00000000e+00	  0.00000000e+00	  1.00000000e+00	
1	 37	 60	
 1.37275675e-01	 -6.61626481e-01	  7.37160474e-01	 -1.59551247e+00	
 2.68767998e-01	  7.41164954e-01	  6.15172214e-01	 -8.73158555e-01	
-9.53370114e-01	  1.13674323e-01	  2.79568708e-01	  1.95482878e+00	
 0.00000000e+00	  0.00000000e+00	  0.00000000e+00	  1.00000000e+00	
1	 38	 60	
-2.91394585e-01	 -5.17790815e-01	  8.04351541e-01	 -1.58347546e+00	
 2.05482694e-01	  7.87333473e-01	  5.81276697e-01	 -9.07138227e-01	
-9.34271167e-01	  3.34658008e-01	 -1.23026042e-01	  2.04498005e+00	
 0.00000000e+00	  0.00000000e+00	  0.00000000e+00	  1.00000000e+00	
1	 50	 60	
 7.48244400e-02	 -3.64597844e-01	  9.28152799e-01	 -2.61739788e+00	
 1.39930331e-01	  9.25392282e-01	  3.52236228e-01	 -7.92554928e-01	
-9.87328806e-01	  1.03516918e-01	  1.20260472e-01	  3.56289953e+00	
 0.00000000e+00	  0.00000000e+00	  0.00000000e+00	  1.00000000e+00	
2	 34	 60	
 6.01108014e-01	 -2.80590437e-01	  7.48288087e-01	 -2.76951220e+00	
 2.07880807e-01	  9.59003615e-01	  1.92610916e-01	 -6.28547362e-01	
-7.71653506e-01	  3.97739928e-02	  6.34795417e-01	  1.05123540e+00	
 0.00000000e+00	  0.00000000e+00	  0.00000000e+00	  1.00000000e+00	
2	 36	 60	
 6.02234353e-01	 -3.63775180e-01	  7.10619607e-01	 -2.47318165e+00	
 2.71097195e-01	  9.30438693e-01	  2.46557056e-01	 -5.80082424e-01	
-7.50876665e-01	  4.41583812e-02	  6.58963652e-01	  1.26129923e+00	
 0.00000000e+00	  0.00000000e+00	  0.00000000e+00	  1.00000000e+00	
2	 37	 60	
 3.49751011e-01	 -5.94431501e-01	  7.24102800e-01	 -2.17950753e+00	
 3.64458386e-01	  7.98364024e-01	  4.79359056e-01	 -8.95916187e-01	
-8.63042159e-01	  9.62462622e-02	  4.95875744e-01	  1.61437321e+00	
 0.00000000e+00	  0.00000000e+00	  0.00000000e+00	  1.00000000e+00	
2	 38	 60	
-7.82887990e-02	 -4.93497679e-01	  8.66215812e-01	 -2.18903251e+00	
 3.53315034e-01	  7.98751962e-01	  4.86996321e-01	 -9.41935035e-01	
-9.32221956e-01	  3.44170343e-01	  1.11828960e-01	  1.69933391e+00	
 0.00000000e+00	  0.00000000e+00	  0.00000000e+00	  1.00000000e+00	
3	 4	 60	
 7.24707185e-01	  1.66399888e-01	 -6.68663506e-01	  4.55993232e-02	
-1.31910526e-01	  9.85959169e-01	  1.02393448e-01	  5.87633021e-02	
 6.76313277e-01	  1.39992264e-02	  7.36479748e-01	  9.63291463e-02	
 0.00000000e+00	  0.00000000e+00	  0.00000000e+00	  1.00000000e+00	
3	 6	 60	
 6.62614326e-01	  1.35953212e-01	 -7.36518752e-01	  2.42168506e-01	
-1.32268950e-01	  9.89172482e-01	  6.35931690e-02	  1.57479769e-02	
 7.37188496e-01	  5.52810271e-02	  6.73421643e-01	  2.16260205e-01	
 0.00000000e+00	  0.00000000e+00	  0.00000000e+00	  1.00000000e+00	
3	 31	 60	
-2.05535782e-01	 -4.97949827e-01	  8.42497489e-01	 -2.81928127e+00	
 1.32068616e-01	  8.38888395e-01	  5.28037996e-01	 -4.12711441e-01	
-9.69694203e-01	  2.19795445e-01	 -1.06655880e-01	  2.38688508e+00	
 0.00000000e+00	  0.00000000e+00	  0.00000000e+00	  1.00000000e+00	
3	 47	 60	
-9.89269788e-01	  9.22744823e-02	 -1.13264984e-01	 -5.11069797e-01	
 3.29518968e-02	  8.96250708e-01	  4.42326597e-01	 -4.34927865e-01	
 1.42326414e-01	  4.33844672e-01	 -8.89672762e-01	  4.22290646e+00	
 0.00000000e+00	  0.00000000e+00	  0.00000000e+00	  1.00000000e+00	
4	 6	 60	
 9.96218952e-01	  5.43068363e-03	 -8.67039771e-02	  2.29240076e-01	
-9.83345618e-03	  9.98679763e-01	 -5.04292815e-02	 -8.02345372e-03	
 8.63160916e-02	  5.10909358e-02	  9.94958336e-01	 -4.75162091e-02	
 0.00000000e+00	  0.00000000e+00	  0.00000000e+00	  1.00000000e+00	
4	 7	 60	
 9.99111741e-01	 -4.21203250e-02	 -1.35708822e-03	  5.68982129e-01	
 4.21337058e-02	  9.99034834e-01	  1.24264760e-02	 -9.91122268e-02	
 8.32717444e-04	 -1.24719247e-02	  9.99922312e-01	  5.01654028e-01	
 0.00000000e+00	  0.00000000e+00	  0.00000000e+00	  1.00000000e+00	
6	 7	 60	
 9.94992316e-01	 -5.28612007e-02	  8.48346499e-02	  3.86755296e-01	
 4.75467671e-02	  9.96848854e-01	  6.34898416e-02	 -6.10655499e-02	
-8.79236206e-02	 -5.91372433e-02	  9.94369236e-01	  5.21536339e-01	
 0.00000000e+00	  0.00000000e+00	  0.00000000e+00	  1.00000000e+00	
8	 9	 60	
 9.46690525e-01	  1.29600095e-01	 -2.94928496e-01	  4.23254176e-01	
-1.10072298e-01	  9.90538978e-01	  8.19474562e-02	 -8.47062250e-02	
 3.02758366e-01	 -4.51158113e-02	  9.51998857e-01	  5.86624576e-01	
 0.00000000e+00	  0.00000000e+00	  0.00000000e+00	  1.00000000e+00	
8	 10	 60	
 6.66383614e-01	  2.64594778e-01	 -6.97081707e-01	  6.54214428e-01	
-2.23130708e-01	  9.62837539e-01	  1.52165717e-01	 -1.25071199e-01	
 7.11440084e-01	  5.41390050e-02	  7.00659982e-01	  6.44827049e-01	
 0.00000000e+00	  0.00000000e+00	  0.00000000e+00	  1.00000000e+00	
8	 24	 60	
-6.49474046e-01	 -2.30029771e-01	  7.24754414e-01	 -2.01159233e+00	
 2.07135475e-01	  8.63573967e-01	  4.59711091e-01	 -7.48360869e-01	
-7.31625505e-01	  4.48693426e-01	 -5.13222590e-01	  2.63076716e+00	
 0.00000000e+00	  0.00000000e+00	  0.00000000e+00	  1.00000000e+00	
8	 26	 60	
-7.80797582e-02	 -3.47058917e-01	  9.34588383e-01	 -1.92853915e+00	
 2.46717591e-01	  9.01562570e-01	  3.55407947e-01	 -6.88554418e-01	
-9.65934747e-01	  2.58330705e-01	  1.52292854e-02	  2.60829672e+00	
 0.00000000e+00	  0.00000000e+00	  0.00000000e+00	  1.00000000e+00	
8	 28	 60	
 1.29740307e-01	 -2.96425882e-01	  9.46202910e-01	 -1.93783627e+00	
 2.74091920e-01	  9.27804667e-01	  2.53080116e-01	 -7.08569984e-01	
-9.52910801e-01	  2.26511647e-01	  2.01620057e-01	  2.64907619e+00	
 0.00000000e+00	  0.00000000e+00	  0.00000000e+00	  1.00000000e+00	
8	 29	 60	
-4.03118975e-01	 -4.23048470e-01	  8.11495646e-01	 -2.04534416e+00	
 2.75712473e-01	  7.89392933e-01	  5.48489824e-01	 -6.13721898e-01	
-8.72624457e-01	  4.44846760e-01	 -2.01579994e-01	  2.60138762e+00	
 0.00000000e+00	  0.00000000e+00	  0.00000000e+00	  1.00000000e+00	
9	 10	 60	
 8.70813135e-01	  1.60897379e-01	 -4.64538069e-01	  2.40711880e-01	
-1.66754206e-01	  9.85577861e-01	  2.87746271e-02	 -1.26767490e-02	
 4.62469958e-01	  5.24067040e-02	  8.85086104e-01	 -1.60157581e-02	
 0.00000000e+00	  0.00000000e+00	  0.00000000e+00	  1.00000000e+00	
9	 29	 60	
-6.76171223e-01	 -3.52705110e-01	  6.46829786e-01	 -1.66877741e+00	
 2.60229269e-01	  7.07029252e-01	  6.57564487e-01	 -9.34835809e-01	
-6.89252412e-01	  6.12951766e-01	 -3.86288875e-01	  2.60275889e+00	
 0.00000000e+00	  0.00000000e+00	  0.00000000e+00	  1.00000000e+00	
10	 11	 60	
 9.01094418e-01	  1.21336764e-01	 -4.16300347e-01	  1.72855819e-01	
-1.18555537e-01	  9.92412121e-01	  3.26331361e-02	 -2.05917182e-01	
 4.17101355e-01	  1.99478267e-02	  9.08641048e-01	  6.20029870e-01	
 0.00000000e+00	  0.00000000e+00	  0.00000000e+00	  1.00000000e+00	
11	 12	 60	
 9.93631618e-01	  4.68482921e-02	 -1.02463168e-01	  2.07953160e-01	
-3.09937396e-02	  9.88018046e-01	  1.51188990e-01	 -2.50891142e-01	
 1.08318722e-01	 -1.47050790e-01	  9.83180559e-01	  8.68718372e-01	
 0.00000000e+00	  0.00000000e+00	  0.00000000e+00	  1.00000000e+00	
11	 15	 60	
 3.30428991e-01	  4.38627753e-01	 -8.35715614e-01	  1.33575313e+00	
-3.11463394e-01	  8.86523980e-01	  3.42145996e-01	 -7.69206973e-01	
 8.90957570e-01	  1.47240519e-01	  4.29552465e-01	  2.20912166e+00	
 0.00000000e+00	  0.00000000e+00	  0.00000000e+00	  1.00000000e+00	
11	 17	 60	
 3.85232205e-01	  5.88973338e-01	 -7.10424178e-01	  1.08764270e+00	
-2.81537734e-01	  8.08149949e-01	  5.17327482e-01	 -1.05991128e+00	
 8.78824090e-01	  7.20447088e-04	  4.77146575e-01	  2.09953741e+00	
 0.00000000e+00	  0.00000000e+00	  0.00000000e+00	  1.00000000e+00	
12	 13	 60	
 9.71748994e-01	  1.52189949e-01	 -1.80396737e-01	  5.49212722e-01	
-1.35140642e-01	  9.85419482e-01	  1.03370546e-01	 -2.18125358e-01	
 1.93496556e-01	 -7.60718267e-02	  9.78147583e-01	  4.10266304e-01	
 0.00000000e+00	  0.00000000e+00	  0.00000000e+00	  1.00000000e+00	
12	 14	 60	
 8.31945635e-01	  2.66014044e-01	 -4.86933251e-01	  9.94334935e-01	
-2.74683695e-01	  9.59953433e-01	  5.51186170e-02	 -4.39383398e-01	
 4.82093941e-01	  8.78977117e-02	  8.71699535e-01	  7.67575923e-01	
 0.00000000e+00	  0.00000000e+00	  0.00000000e+00	  1.00000000e+00	
12	 15	 60	
 4.34486070e-01	  4.24308354e-01	 -7.94471360e-01	  1.28187556e+00	
-4.23267590e-01	  8.74800645e-01	  2.35728445e-01	 -6.56377046e-01	
 7.95024630e-01	  2.33853390e-01	  5.59686252e-01	  1.12393537e+00	
 0.00000000e+00	  0.00000000e+00	  0.00000000e+00	  1.00000000e+00	
12	 16	 60	
 6.74492093e-01	  3.68808637e-01	 -6.39563423e-01	  1.02895900e+00	
-3.17797161e-01	  9.26957736e-01	  1.99382930e-01	 -9.95743497e-01	
 6.66381807e-01	  6.87693963e-02	  7.42433307e-01	  1.08254418e+00	
 0.00000000e+00	  0.00000000e+00	  0.00000000e+00	  1.00000000e+00	
12	 17	 60	
 4.86698654e-01	  5.60255092e-01	 -6.70251578e-01	  1.03248434e+00	
-3.89348730e-01	  8.25954998e-01	  4.07682249e-01	 -9.39107939e-01	
 7.82004352e-01	  6.25436150e-02	  6.20127565e-01	  9.97665258e-01	
 0.00000000e+00	  0.00000000e+00	  0.00000000e+00	  1.00000000e+00	
12	 18	 60	
 6.53206600e-01	  5.52383957e-01	 -5.17874572e-01	  8.90886985e-01	
-3.71772297e-01	  8.29807530e-01	  4.16178859e-01	 -1.00235424e+00	
 6.59625191e-01	 -7.93188041e-02	  7.47398762e-01	  1.21498174e+00	
 0.00000000e+00	  0.00000000e+00	  0.00000000e+00	  1.00000000e+00	
12	 21	 60	
 1.62503979e-01	  6.96949658e-01	 -6.98463688e-01	  4.95793678e-01	
-5.10248679e-01	  6.65235224e-01	  5.45077453e-01	 -1.12669441e+00	
 8.44533767e-01	  2.67813947e-01	  4.63721902e-01	  1.71067255e+00	
 0.00000000e+00	  0.00000000e+00	  0.00000000e+00	  1.00000000e+00	
13	 14	 60	
 9.38847373e-01	  1.45777734e-01	 -3.11953120e-01	  5.31586713e-01	
-1.80738954e-01	  9.79754697e-01	 -8.61023063e-02	 -1.77470139e-01	
 2.93085696e-01	  1.37220553e-01	  9.46187923e-01	  2.46331890e-01	
 0.00000000e+00	  0.00000000e+00	  0.00000000e+00	  1.00000000e+00	
13	 15	 60	
 6.33247935e-01	  3.39349812e-01	 -6.95584672e-01	  9.09283594e-01	
-4.11450493e-01	  9.08831150e-01	  6.88053675e-02	 -3.74648002e-01	
 6.55518202e-01	  2.42628842e-01	  7.15141204e-01	  5.20602077e-01	
 0.00000000e+00	  0.00000000e+00	  0.00000000e+00	  1.00000000e+00	
13	 16	 60	
 8.27327901e-01	  2.46426010e-01	 -5.04780093e-01	  7.01365485e-01	
-2.61205538e-01	  9.64339443e-01	  4.26633165e-02	 -7.44408777e-01	
 4.97293388e-01	  9.65558539e-02	  8.62192994e-01	  4.90659638e-01	
 0.00000000e+00	  0.00000000e+00	  0.00000000e+00	  1.00000000e+00	
13	 17	 60	
 6.76882209e-01	  4.44908766e-01	 -5.86416998e-01	  6.80713524e-01	
-3.69089529e-01	  8.94419079e-01	  2.52559044e-01	 -6.81605635e-01	
 6.36869805e-01	  4.54894484e-02	  7.69628097e-01	  4.12854106e-01	
 0.00000000e+00	  0.00000000e+00	  0.00000000e+00	  1.00000000e+00	
13	 18	 60	
 8.12630615e-01	  4.09289232e-01	 -4.14866342e-01	  5.93714027e-01	
-3.17119122e-01	  9.07809187e-01	  2.74440230e-01	 -7.82010893e-01	
 4.88944759e-01	 -9.14546634e-02	  8.67508293e-01	  6.44427108e-01	
 0.00000000e+00	  0.00000000e+00	  0.00000000e+00	  1.00000000e+00	
14	 15	 60	
 8.61011354e-01	  2.25446930e-01	 -4.55885787e-01	  4.70622115e-01	
-2.20857735e-01	  9.73194803e-01	  6.41426630e-02	 -1.00491155e-01	
 4.58127080e-01	  4.54574006e-02	  8.87723353e-01	  1.58665129e-01	
 0.00000000e+00	  0.00000000e+00	  0.00000000e+00	  1.00000000e+00	
14	 16	 60	
 9.69694123e-01	  8.53612403e-02	 -2.28925787e-01	  3.33473489e-01	
-6.70734129e-02	  9.93989128e-01	  8.65232019e-02	 -4.97184622e-01	
 2.34936165e-01	 -6.85466813e-02	  9.69590801e-01	  2.27032476e-01	
 0.00000000e+00	  0.00000000e+00	  0.00000000e+00	  1.00000000e+00	
14	 17	 60	
 8.88855384e-01	  2.69376730e-01	 -3.70636257e-01	  2.79929756e-01	
-1.75552380e-01	  9.47411370e-01	  2.67567098e-01	 -4.49339920e-01	
 4.23222904e-01	 -1.72762012e-01	  8.89401098e-01	  1.54448685e-01	
 0.00000000e+00	  0.00000000e+00	  0.00000000e+00	  1.00000000e+00	
14	 18	 60	
 9.63554550e-01	  1.93378948e-01	 -1.84843934e-01	  2.84268474e-01	
-1.25143154e-01	  9.36546528e-01	  3.27444576e-01	 -5.28618843e-01	
 2.36436030e-01	 -2.92378176e-01	  9.26614322e-01	  4.09345284e-01	
 0.00000000e+00	  0.00000000e+00	  0.00000000e+00	  1.00000000e+00	
14	 20	 60	
 9.86823950e-01	  9.43130212e-02	 -1.31461639e-01	  3.69922844e-01	
-7.85117920e-02	  9.89591897e-01	  1.20604175e-01	 -7.96472150e-01	
 1.41467555e-01	 -1.08692918e-01	  9.83957267e-01	  9.17761854e-01	
 0.00000000e+00	  0.00000000e+00	  0.00000000e+00	  1.00000000e+00	
14	 21	 60	
 6.82497531e-01	  5.26206234e-01	 -5.07249944e-01	  2.28696833e-01	
-3.72354830e-01	  8.47533121e-01	  3.78207726e-01	 -7.09510229e-01	
 6.28926549e-01	 -6.92476128e-02	  7.74372826e-01	  1.02696808e+00	
 0.00000000e+00	  0.00000000e+00	  0.00000000e+00	  1.00000000e+00	
15	 16	 60	
 9.57363001e-01	 -1.77436439e-01	  2.27978142e-01	  8.47159066e-04	
 1.64018215e-01	  9.83472689e-01	  7.66694371e-02	 -4.13871505e-01	
-2.37814622e-01	 -3.60071133e-02	  9.70643212e-01	  9.77700573e-02	
 0.00000000e+00	  0.00000000e+00	  0.00000000e+00	  1.00000000e+00	
15	 17	 60	
 9.97977472e-01	 -5.64535579e-02	  2.92416140e-02	 -8.90741248e-02	
 4.87815478e-02	  9.74891623e-01	  2.17266907e-01	 -3.82680095e-01	
-4.07729319e-02	 -2.15399479e-01	  9.75673706e-01	  6.08145169e-02	
 0.00000000e+00	  0.00000000e+00	  0.00000000e+00	  1.00000000e+00	
15	 18	 60	
 9.65589048e-01	 -1.74288371e-01	  1.93035078e-01	  4.89458931e-02	
 1.06189124e-01	  9.41747057e-01	  3.19117139e-01	 -4.47268543e-01	
-2.37409033e-01	 -2.87636149e-01	  9.27849297e-01	  2.80029110e-01	
 0.00000000e+00	  0.00000000e+00	  0.00000000e+00	  1.00000000e+00	
15	 21	 60	
 9.58004514e-01	  2.34161481e-01	 -1.65517873e-01	  3.23998831e-01	
-1.79917074e-01	  9.40297532e-01	  2.88913679e-01	 -6.07763262e-01	
 2.23287243e-01	 -2.46999033e-01	  9.42937660e-01	  8.42038957e-01	
 0.00000000e+00	  0.00000000e+00	  0.00000000e+00	  1.00000000e+00	
16	 17	 60	
 9.73122473e-01	  1.57078913e-01	 -1.68398389e-01	 -7.21826379e-02	
-1.27633800e-01	  9.76553544e-01	  1.73355872e-01	  4.79619225e-02	
 1.91681242e-01	 -1.47202330e-01	  9.70354647e-01	 -5.39793161e-02	
 0.00000000e+00	  0.00000000e+00	  0.00000000e+00	  1.00000000e+00	
16	 18	 60	
 9.98293799e-01	  5.60109985e-02	  1.64897847e-02	 -2.77364431e-03	
-5.83476097e-02	  9.67465978e-01	  2.46182093e-01	 -4.79423410e-02	
-2.16464632e-03	 -2.46723260e-01	  9.69084318e-01	  1.85313380e-01	
 0.00000000e+00	  0.00000000e+00	  0.00000000e+00	  1.00000000e+00	
16	 19	 60	
 9.56337527e-01	 -1.29193939e-01	  2.62159625e-01	  3.10443545e-01	
 7.20562753e-02	  9.73529788e-01	  2.16907619e-01	 -4.45430442e-01	
-2.83242475e-01	 -1.88547085e-01	  9.40331600e-01	  7.61711626e-01	
 0.00000000e+00	  0.00000000e+00	  0.00000000e+00	  1.00000000e+00	
16	 20	 60	
 9.95418801e-01	 -4.56353565e-04	  9.55996396e-02	  2.17695792e-01	
-3.50048759e-03	  9.99145206e-01	  4.12110223e-02	 -3.41724212e-01	
-9.55374852e-02	 -4.13551949e-02	  9.94566298e-01	  6.35485302e-01	
 0.00000000e+00	  0.00000000e+00	  0.00000000e+00	  1.00000000e+00	
16	 21	 60	
 8.34545851e-01	  4.37143253e-01	 -3.35317091e-01	  1.00573403e-01	
-3.54968548e-01	  8.92103360e-01	  2.79554749e-01	 -2.74825864e-01	
 4.21342314e-01	 -1.14272585e-01	  8.99671786e-01	  7.81225305e-01	
 0.00000000e+00	  0.00000000e+00	  0.00000000e+00	  1.00000000e+00	
17	 18	 60	
 9.78494988e-01	 -1.16267904e-01	  1.70380372e-01	  1.25651959e-01	
 1.00150388e-01	  9.89899634e-01	  1.00347864e-01	 -1.17977687e-01	
-1.80327277e-01	 -8.11263708e-02	  9.80257105e-01	  2.03885232e-01	
 0.00000000e+00	  0.00000000e+00	  0.00000000e+00	  1.00000000e+00	
17	 21	 60	
 9.38185122e-01	  2.89627787e-01	 -1.89535569e-01	  3.69404294e-01	
-2.77579118e-01	  9.56674774e-01	  8.78942334e-02	 -4.11028312e-01	
 2.06779585e-01	 -2.98489251e-02	  9.77931562e-01	  7.25397075e-01	
 0.00000000e+00	  0.00000000e+00	  0.00000000e+00	  1.00000000e+00	
17	 22	 60	
 6.14340573e-01	  6.49095745e-01	 -4.48620399e-01	  3.02397517e-01	
-5.94642464e-01	  7.54587207e-01	  2.77487972e-01	 -2.25750002e-01	
 5.18637959e-01	  9.62972830e-02	  8.49553387e-01	  7.40190939e-01	
 0.00000000e+00	  0.00000000e+00	  0.00000000e+00	  1.00000000e+00	
18	 19	 60	
 9.51114890e-01	 -1.85368732e-01	  2.47021098e-01	  3.34627868e-01	
 1.93159937e-01	  9.81139591e-01	 -7.46789957e-03	 -5.09223867e-01	
-2.40976553e-01	  5.48162987e-02	  9.68980502e-01	  4.65888485e-01	
 0.00000000e+00	  0.00000000e+00	  0.00000000e+00	  1.00000000e+00	
18	 20	 60	
 9.94131796e-01	 -5.86639375e-02	  9.08793526e-02	  2.36260507e-01	
 7.59390031e-02	  9.76816557e-01	 -2.00158506e-01	 -3.82943452e-01	
-7.70310918e-02	  2.05886299e-01	  9.75538704e-01	  3.67565834e-01	
 0.00000000e+00	  0.00000000e+00	  0.00000000e+00	  1.00000000e+00	
18	 21	 60	
 8.52921906e-01	  3.84592664e-01	 -3.53003730e-01	  1.15119104e-01	
-4.00631594e-01	  9.15758013e-01	  2.97076515e-02	 -3.60739266e-01	
 3.34690645e-01	  1.16087653e-01	  9.35147963e-01	  5.23337691e-01	
 0.00000000e+00	  0.00000000e+00	  0.00000000e+00	  1.00000000e+00	
19	 20	 60	
 9.78764439e-01	  8.32712192e-02	 -1.87309103e-01	 -4.54727896e-02	
-1.13996859e-01	  9.80552676e-01	 -1.59752831e-01	  1.36742975e-01	
 1.70361606e-01	  1.77715074e-01	  9.69223488e-01	 -1.20514572e-01	
 0.00000000e+00	  0.00000000e+00	  0.00000000e+00	  1.00000000e+00	
20	 21	 60	
 7.91712754e-01	  4.42936577e-01	 -4.20711614e-01	 -1.30743689e-01	
-3.72470261e-01	  8.95866041e-01	  2.42260516e-01	  6.08670760e-02	
 4.84208022e-01	 -3.50975333e-02	  8.74247186e-01	  1.36507993e-01	
 0.00000000e+00	  0.00000000e+00	  0.00000000e+00	  1.00000000e+00	
21	 22	 60	
 8.48669877e-01	  4.19427511e-01	 -3.22242990e-01	 -1.11235032e-01	
-4.06429281e-01	  9.07014882e-01	  1.10173007e-01	  1.57402071e-01	
 3.38488796e-01	  3.74685275e-02	  9.40224490e-01	  4.34522029e-02	
 0.00000000e+00	  0.00000000e+00	  0.00000000e+00	  1.00000000e+00	
22	 23	 60	
 9.80609983e-01	 -7.46928439e-03	 -1.95823580e-01	 -1.54063929e-01	
-8.29895937e-02	  8.89413302e-01	 -4.49506988e-01	 -3.77182937e-02	
 1.77524805e-01	  4.57042403e-01	  8.71549254e-01	 -1.63633130e-01	
 0.00000000e+00	  0.00000000e+00	  0.00000000e+00	  1.00000000e+00	
23	 31	 60	
 9.89305732e-01	  9.52179293e-02	 -1.10488950e-01	 -8.22226237e-01	
-8.07688720e-02	  9.88402818e-01	  1.28577711e-01	 -3.04865675e-01	
 1.21450279e-01	 -1.18277368e-01	  9.85525562e-01	  6.89116852e-01	
 0.00000000e+00	  0.00000000e+00	  0.00000000e+00	  1.00000000e+00	
23	 32	 60	
 9.64500739e-01	 -1.11732122e-01	  2.39280679e-01	 -7.89682282e-01	
 3.91227150e-02	  9.56540287e-01	  2.88963974e-01	 -5.11382350e-01	
-2.61167620e-01	 -2.69342804e-01	  9.26954866e-01	  6.47698703e-01	
 0.00000000e+00	  0.00000000e+00	  0.00000000e+00	  1.00000000e+00	
23	 42	 60	
 1.14563508e-01	 -4.57066653e-01	  8.82026481e-01	 -2.83232302e+00	
 4.19491238e-01	  8.27083167e-01	  3.74111488e-01	 -9.65836960e-01	
-9.00500900e-01	  3.27143514e-01	  2.86493221e-01	  2.44437980e+00	
 0.00000000e+00	  0.00000000e+00	  0.00000000e+00	  1.00000000e+00	
24	 25	 60	
 8.35471874e-01	  1.35717594e-01	 -5.32510126e-01	 -2.61680979e-02	
-1.58938477e-01	  9.87285661e-01	  2.25874629e-03	 -3.39087264e-02	
 5.26046288e-01	  8.27495655e-02	  8.46420834e-01	  9.77236557e-02	
 0.00000000e+00	  0.00000000e+00	  0.00000000e+00	  1.00000000e+00	
24	 26	 60	
 8.08519149e-01	  2.23150944e-01	 -5.44516775e-01	 -2.51129557e-02	
-2.02388717e-01	  9.74311732e-01	  9.87711576e-02	  2.24602707e-02	
 5.52569266e-01	  3.03448099e-02	  8.32915488e-01	  9.92191208e-02	
 0.00000000e+00	  0.00000000e+00	  0.00000000e+00	  1.00000000e+00	
24	 28	 60	
 6.69686598e-01	  2.18981392e-01	 -7.09624484e-01	 -5.30560136e-02	
-2.20710039e-01	  9.71049624e-01	  9.13640443e-02	  2.56114283e-02	
 7.09087771e-01	  9.54353227e-02	  6.98632069e-01	  6.23506945e-02	
 0.00000000e+00	  0.00000000e+00	  0.00000000e+00	  1.00000000e+00	
24	 29	 60	
 9.57361797e-01	  1.12809707e-01	 -2.65953208e-01	  7.13044904e-02	
-6.07129956e-02	  9.78613268e-01	  1.96545911e-01	  1.10852321e-01	
 2.82436180e-01	 -1.72018693e-01	  9.43736717e-01	  5.25114666e-02	
 0.00000000e+00	  0.00000000e+00	  0.00000000e+00	  1.00000000e+00	
24	 30	 60	
 9.94030085e-01	  1.09029127e-02	 -1.08543116e-01	 -6.68905856e-02	
-2.06059671e-02	  9.95845175e-01	 -8.86972284e-02	 -1.32833441e-01	
 1.07124151e-01	  9.04051584e-02	  9.90126932e-01	  3.83846143e-01	
 0.00000000e+00	  0.00000000e+00	  0.00000000e+00	  1.00000000e+00	
24	 31	 60	
 9.49111217e-01	 -1.09688439e-01	  2.95217609e-01	 -2.33433954e-01	
 4.87722783e-02	  9.77267457e-01	  2.06315253e-01	 -3.10896167e-01	
-3.11138523e-01	 -1.81418030e-01	  9.32889387e-01	  9.06075283e-01	
 0.00000000e+00	  0.00000000e+00	  0.00000000e+00	  1.00000000e+00	
25	 26	 60	
 9.98340002e-01	  4.75428942e-02	 -3.24752694e-02	 -7.29101839e-03	
-4.43610036e-02	  9.94720765e-01	  9.25382907e-02	  5.59192727e-02	
 3.67040432e-02	 -9.09449072e-02	  9.95180465e-01	  8.31244587e-04	
 0.00000000e+00	  0.00000000e+00	  0.00000000e+00	  1.00000000e+00	
25	 27	 60	
 9.14999458e-01	  1.35607894e-01	 -3.79976854e-01	 -5.52347582e-02	
-1.30785514e-01	  9.90657648e-01	  3.86128905e-02	  5.56820588e-02	
 3.81663557e-01	  1.43628105e-02	  9.24188565e-01	  3.39468531e-02	
 0.00000000e+00	  0.00000000e+00	  0.00000000e+00	  1.00000000e+00	
25	 28	 60	
 9.67597187e-01	  7.88184488e-02	 -2.39880228e-01	 -5.05320154e-02	
-6.83395484e-02	  9.96320443e-01	  5.17055632e-02	  5.21871817e-02	
 2.43072856e-01	 -3.36380111e-02	  9.69425049e-01	 -1.54878615e-02	
 0.00000000e+00	  0.00000000e+00	  0.00000000e+00	  1.00000000e+00	
25	 29	 60	
 9.58073596e-01	 -1.51780425e-01	  2.43013772e-01	  3.46437500e-02	
 9.33606353e-02	  9.67246993e-01	  2.36046146e-01	  1.52407980e-01	
-2.70882311e-01	 -2.03461948e-01	  9.40864728e-01	 -8.98466770e-02	
 0.00000000e+00	  0.00000000e+00	  0.00000000e+00	  1.00000000e+00	
26	 27	 60	
 9.33292602e-01	  9.19643939e-02	 -3.47138997e-01	 -4.66382829e-02	
-1.21302519e-01	  9.90568167e-01	 -6.37059086e-02	 -5.52705129e-03	
 3.38005127e-01	  1.01563967e-01	  9.35645619e-01	  3.44909955e-02	
 0.00000000e+00	  0.00000000e+00	  0.00000000e+00	  1.00000000e+00	
26	 28	 60	
 9.77946272e-01	  3.32560994e-02	 -2.06195085e-01	 -4.36027221e-02	
-4.40815757e-02	  9.97866469e-01	 -4.81356367e-02	 -4.28409868e-03	
 2.04153203e-01	  5.61629081e-02	  9.77325808e-01	 -1.51814946e-02	
 0.00000000e+00	  0.00000000e+00	  0.00000000e+00	  1.00000000e+00	
26	 29	 60	
 9.42401526e-01	 -2.01903892e-01	  2.66672722e-01	  3.42567997e-02	
 1.63053205e-01	  9.73427466e-01	  1.60787612e-01	  1.06219605e-01	
-2.92050948e-01	 -1.08043709e-01	  9.50279480e-01	 -8.26736008e-02	
 0.00000000e+00	  0.00000000e+00	  0.00000000e+00	  1.00000000e+00	
27	 28	 60	
 9.87064913e-01	 -7.10233677e-02	  1.43741738e-01	 -1.41073802e-02	
 6.70045322e-02	  9.97219269e-01	  3.26184310e-02	 -3.53461940e-03	
-1.45658828e-01	 -2.25644984e-02	  9.89079078e-01	 -4.76089797e-02	
 0.00000000e+00	  0.00000000e+00	  0.00000000e+00	  1.00000000e+00	
28	 29	 60	
 8.54805777e-01	 -2.62419809e-01	  4.47707330e-01	  5.74922362e-02	
 1.77642699e-01	  9.58570399e-01	  2.22684209e-01	  1.09066819e-01	
-4.87595040e-01	 -1.10818690e-01	  8.66008035e-01	 -8.73350928e-02	
 0.00000000e+00	  0.00000000e+00	  0.00000000e+00	  1.00000000e+00	
29	 30	 60	
 9.83155085e-01	 -2.44896390e-02	  1.81119214e-01	 -2.39263944e-02	
 7.35427370e-02	  9.60225533e-01	 -2.69365371e-01	 -3.11059475e-01	
-1.67317523e-01	  2.78148190e-01	  9.45853242e-01	  3.01550534e-01	
 0.00000000e+00	  0.00000000e+00	  0.00000000e+00	  1.00000000e+00	
29	 31	 60	
 8.17805990e-01	 -2.15584619e-01	  5.33587620e-01	 -2.50608164e-02	
 2.08319004e-01	  9.75200079e-01	  7.47313754e-02	 -5.93934781e-01	
-5.36465044e-01	  5.00388595e-02	  8.42438487e-01	  8.03692385e-01	
 0.00000000e+00	  0.00000000e+00	  0.00000000e+00	  1.00000000e+00	
30	 31	 60	
 9.09112844e-01	 -1.48608186e-01	  3.89140607e-01	 -1.05936256e-01	
 3.07875225e-02	  9.55610850e-01	  2.93013737e-01	 -1.31926587e-01	
-4.15411198e-01	 -2.54402387e-01	  8.73335579e-01	  5.50943822e-01	
 0.00000000e+00	  0.00000000e+00	  0.00000000e+00	  1.00000000e+00	
30	 32	 60	
 6.72097613e-01	 -3.94754842e-01	  6.26462838e-01	 -6.45456293e-02	
 7.73648830e-02	  8.78847195e-01	  4.70789906e-01	 -3.38790241e-01	
-7.36410590e-01	 -2.67950228e-01	  6.21211004e-01	  5.20645635e-01	
 0.00000000e+00	  0.00000000e+00	  0.00000000e+00	  1.00000000e+00	
31	 32	 60	
 9.19307235e-01	 -2.20510318e-01	  3.25961050e-01	  4.38463240e-02	
 1.61395422e-01	  9.66669792e-01	  1.98758122e-01	 -1.96124895e-01	
-3.58923531e-01	 -1.30109873e-01	  9.24253442e-01	 -7.09676505e-02	
 0.00000000e+00	  0.00000000e+00	  0.00000000e+00	  1.00000000e+00	
31	 33	 60	
 9.71817076e-01	 -6.46869250e-02	  2.26689707e-01	 -3.12329219e-02	
 8.43258823e-02	  9.93378591e-01	 -7.80449384e-02	 -4.62172484e-01	
-2.20138414e-01	  9.49612995e-02	  9.70834410e-01	  4.18293051e-01	
 0.00000000e+00	  0.00000000e+00	  0.00000000e+00	  1.00000000e+00	
31	 47	 60	
 6.96658237e-02	 -3.21298826e-01	  9.44413631e-01	 -2.25774045e+00	
 5.51534208e-01	  8.01265549e-01	  2.31914382e-01	 -7.64458167e-01	
-8.31236430e-01	  5.04720932e-01	  2.33030412e-01	  1.73710097e+00	
 0.00000000e+00	  0.00000000e+00	  0.00000000e+00	  1.00000000e+00	
31	 48	 60	
 5.42366557e-01	 -2.55460211e-01	  8.00365065e-01	 -2.38755122e+00	
 4.59053726e-01	  8.87978978e-01	 -2.76513402e-02	 -7.26038131e-01	
-7.03639204e-01	  3.82407941e-01	  5.98879602e-01	  1.62971027e+00	
 0.00000000e+00	  0.00000000e+00	  0.00000000e+00	  1.00000000e+00	
33	 34	 60	
 8.92499013e-01	  1.64720663e-01	 -4.19894267e-01	 -4.23651177e-01	
-1.82604635e-01	  9.83184034e-01	 -2.43848161e-03	 -2.79150005e-01	
 4.12431032e-01	  7.88512234e-02	  9.07569750e-01	  5.84441385e-01	
 0.00000000e+00	  0.00000000e+00	  0.00000000e+00	  1.00000000e+00	
33	 36	 60	
 8.89588528e-01	  1.38412982e-01	 -4.35287375e-01	 -5.58035479e-01	
-1.22157262e-01	  9.90362118e-01	  6.52612782e-02	 -3.12644021e-01	
 4.40124052e-01	 -4.88214025e-03	  8.97925552e-01	  9.23714985e-01	
 0.00000000e+00	  0.00000000e+00	  0.00000000e+00	  1.00000000e+00	
33	 38	 60	
 9.63403155e-01	 -2.03632599e-01	  1.74320036e-01	 -1.01859980e+00	
 1.83518202e-01	  9.75063344e-01	  1.24792649e-01	 -6.71843192e-01	
-1.95385513e-01	 -8.82345329e-02	  9.76750441e-01	  1.17353295e+00	
 0.00000000e+00	  0.00000000e+00	  0.00000000e+00	  1.00000000e+00	
33	 41	 60	
 4.15583564e-01	 -4.73436676e-01	  7.76628172e-01	 -1.59513656e+00	
 4.00041998e-01	  8.61972778e-01	  3.11396587e-01	 -3.95516248e-01	
-8.16857613e-01	  1.81273245e-01	  5.47618540e-01	  1.23301409e+00	
 0.00000000e+00	  0.00000000e+00	  0.00000000e+00	  1.00000000e+00	
33	 42	 60	
 2.02077447e-01	 -5.09243349e-01	  8.36564488e-01	 -2.01182404e+00	
 4.50101852e-01	  8.06920831e-01	  3.82474623e-01	 -3.39291925e-01	
-8.69813088e-01	  2.99250255e-01	  3.92274857e-01	  1.06919360e+00	
 0.00000000e+00	  0.00000000e+00	  0.00000000e+00	  1.00000000e+00	
33	 47	 60	
 2.97199980e-01	 -3.55784451e-01	  8.86053987e-01	 -2.47956977e+00	
 4.64439096e-01	  8.64669951e-01	  1.91416844e-01	 -3.10245093e-02	
-8.34246324e-01	  3.54631976e-01	  4.22222096e-01	  7.99215073e-01	
 0.00000000e+00	  0.00000000e+00	  0.00000000e+00	  1.00000000e+00	
33	 48	 60	
 7.20690460e-01	 -2.57563143e-01	  6.43638798e-01	 -2.57884117e+00	
 3.54111032e-01	  9.34935159e-01	 -2.23700758e-02	  5.33997794e-03	
-5.95996997e-01	  2.44043412e-01	  7.65005350e-01	  6.62531241e-01	
 0.00000000e+00	  0.00000000e+00	  0.00000000e+00	  1.00000000e+00	
34	 35	 60	
 9.48021526e-01	  3.84404558e-02	 -3.15877583e-01	 -1.15317680e-01	
-1.07853504e-01	  9.72732721e-01	 -2.05321567e-01	 -4.40915488e-02	
 2.99372049e-01	  2.28717469e-01	  9.26318858e-01	  1.13617568e-02	
 0.00000000e+00	  0.00000000e+00	  0.00000000e+00	  1.00000000e+00	
34	 36	 60	
 9.97785897e-01	 -5.93246712e-02	 -3.00782267e-02	  2.61053089e-02	
 6.11350197e-02	  9.96121488e-01	  6.32652169e-02	 -2.83145628e-02	
 2.62080285e-02	 -6.49649273e-02	  9.97545595e-01	  3.64423339e-01	
 0.00000000e+00	  0.00000000e+00	  0.00000000e+00	  1.00000000e+00	
34	 37	 60	
 9.51976528e-01	 -2.65624686e-01	  1.52269741e-01	 -1.35471693e-01	
 2.17051916e-01	  9.36253548e-01	  2.76252812e-01	 -3.99558854e-01	
-2.15942256e-01	 -2.29936284e-01	  9.48947535e-01	  7.47473344e-01	
 0.00000000e+00	  0.00000000e+00	  0.00000000e+00	  1.00000000e+00	
35	 50	 60	
 7.76355055e-01	 -1.83101233e-01	  6.03116592e-01	 -1.59425762e+00	
 8.07206277e-02	  9.77878802e-01	  1.92975324e-01	  1.48222901e-01	
-6.25107441e-01	 -1.01132007e-01	  7.73958758e-01	  1.16996896e+00	
 0.00000000e+00	  0.00000000e+00	  0.00000000e+00	  1.00000000e+00	
36	 37	 60	
 9.57477411e-01	 -2.13826583e-01	  1.93690955e-01	 -1.73875274e-01	
 1.73761237e-01	  9.63320434e-01	  2.04500956e-01	 -3.85103746e-01	
-2.30312746e-01	 -1.62148247e-01	  9.59511697e-01	  3.63480825e-01	
 0.00000000e+00	  0.00000000e+00	  0.00000000e+00	  1.00000000e+00	
36	 48	 60	
 3.35547335e-01	 -2.35926772e-01	  9.12004170e-01	 -1.95148414e+00	
 4.53359799e-01	  8.89084432e-01	  6.31972978e-02	  3.64931133e-02	
-8.25754521e-01	  3.92260909e-01	  4.05288518e-01	  6.65856457e-01	
 0.00000000e+00	  0.00000000e+00	  0.00000000e+00	  1.00000000e+00	
36	 49	 60	
 8.02037161e-01	 -1.32521206e-01	  5.82390821e-01	 -1.99492202e+00	
 2.50208276e-01	  9.59940393e-01	 -1.26140221e-01	  1.36522758e-01	
-5.42340072e-01	  2.46888720e-01	  8.03063395e-01	  4.99466960e-01	
 0.00000000e+00	  0.00000000e+00	  0.00000000e+00	  1.00000000e+00	
37	 38	 60	
 9.05935668e-01	 -1.78526280e-01	  3.83937546e-01	 -9.34281682e-02	
 2.38886414e-01	  9.64173711e-01	 -1.15343640e-01	 -2.29004850e-02	
-3.49590009e-01	  1.96211496e-01	  9.16125961e-01	  1.31733289e-02	
 0.00000000e+00	  0.00000000e+00	  0.00000000e+00	  1.00000000e+00	
37	 49	 60	
 9.36317517e-01	 -1.69463442e-02	  3.50750380e-01	 -1.68429062e+00	
 1.57474986e-01	  9.13033825e-01	 -3.76259278e-01	  8.69829081e-01	
-3.13867899e-01	  4.07532911e-01	  8.57556920e-01	 -1.15565242e-01	
 0.00000000e+00	  0.00000000e+00	  0.00000000e+00	  1.00000000e+00	
38	 39	 60	
 9.31112947e-01	 -1.49594805e-01	  3.32642988e-01	  1.76170113e-01	
 2.02955304e-01	  9.70284136e-01	 -1.31751321e-01	  1.68825459e-01	
-3.03048790e-01	  1.90187227e-01	  9.33805465e-01	  3.87059922e-02	
 0.00000000e+00	  0.00000000e+00	  0.00000000e+00	  1.00000000e+00	
39	 40	 60	
 9.03954466e-01	 -1.26935734e-01	  4.08355187e-01	 -1.67341541e-01	
 1.32900603e-01	  9.91032111e-01	  1.38613661e-02	  8.96632559e-02	
-4.06451612e-01	  4.17416429e-02	  9.12718587e-01	 -2.98900484e-03	
 0.00000000e+00	  0.00000000e+00	  0.00000000e+00	  1.00000000e+00	
40	 41	 60	
 9.97398704e-01	 -1.88160716e-02	  6.95669273e-02	 -2.30188265e-01	
 1.16093862e-02	  9.94654687e-01	  1.02594239e-01	  2.50465403e-01	
-7.11253155e-02	 -1.01521170e-01	  9.92288317e-01	 -4.41493372e-01	
 0.00000000e+00	  0.00000000e+00	  0.00000000e+00	  1.00000000e+00	
41	 42	 60	
 9.74553567e-01	 -1.33274220e-01	  1.80236474e-01	 -1.68583204e-02	
 1.34632442e-01	  9.90884773e-01	  4.73191878e-03	  2.16042700e-01	
-1.79224843e-01	  1.96547321e-02	  9.83612832e-01	 -3.95812197e-01	
 0.00000000e+00	  0.00000000e+00	  0.00000000e+00	  1.00000000e+00	
41	 43	 60	
 8.27414121e-01	 -1.62627003e-01	  5.37526992e-01	 -1.41086898e-01	
 2.43218324e-01	  9.66501899e-01	 -8.19725911e-02	  2.03144266e-01	
-5.06190512e-01	  1.98562868e-01	  8.39251467e-01	 -6.16893374e-01	
 0.00000000e+00	  0.00000000e+00	  0.00000000e+00	  1.00000000e+00	
41	 44	 60	
 8.25077043e-01	 -1.53160929e-01	  5.43866243e-01	 -2.61569782e-01	
 2.95798994e-01	  9.37201029e-01	 -1.84815323e-01	  4.37629006e-01	
-4.81406361e-01	  3.13363256e-01	  8.18566801e-01	 -4.54141744e-01	
 0.00000000e+00	  0.00000000e+00	  0.00000000e+00	  1.00000000e+00	
41	 45	 60	
 7.59192739e-01	 -1.37191615e-01	  6.36242767e-01	 -4.76129958e-01	
 3.34430659e-01	  9.20847322e-01	 -2.00495407e-01	  4.00734077e-01	
-5.58375269e-01	  3.64994405e-01	  7.44980178e-01	 -2.76923103e-01	
 0.00000000e+00	  0.00000000e+00	  0.00000000e+00	  1.00000000e+00	
41	 46	 60	
 9.29908913e-01	 -5.83153943e-02	  3.63139259e-01	  2.62940163e-02	
 1.55923485e-01	  9.56738370e-01	 -2.45642039e-01	  5.40443301e-01	
-3.33104406e-01	  2.85047577e-01	  8.98771552e-01	 -5.70177767e-01	
 0.00000000e+00	  0.00000000e+00	  0.00000000e+00	  1.00000000e+00	
41	 47	 60	
 9.90767484e-01	 -9.16360104e-02	  9.99094047e-02	  1.32608617e-01	
 1.08403600e-01	  9.78049203e-01	 -1.77956448e-01	  6.54269329e-01	
-8.14089207e-02	  1.87145326e-01	  9.78952606e-01	 -8.10926129e-01	
 0.00000000e+00	  0.00000000e+00	  0.00000000e+00	  1.00000000e+00	
41	 48	 60	
 9.28011423e-01	  6.76273684e-02	 -3.66363443e-01	  2.17551616e-01	
-1.44004028e-01	  9.72067847e-01	 -1.85330058e-01	  7.07836259e-01	
 3.43597345e-01	  2.24746681e-01	  9.11828083e-01	 -9.51549105e-01	
 0.00000000e+00	  0.00000000e+00	  0.00000000e+00	  1.00000000e+00	
42	 43	 60	
 9.29824220e-01	 -6.39531215e-02	  3.62397806e-01	 -8.31807022e-02	
 1.20779630e-01	  9.83267648e-01	 -1.36368914e-01	 -5.69573311e-04	
-3.47613200e-01	  1.70570180e-01	  9.21991277e-01	 -2.39909468e-01	
 0.00000000e+00	  0.00000000e+00	  0.00000000e+00	  1.00000000e+00	
42	 44	 60	
 9.30183769e-01	 -7.92477499e-02	  3.58436953e-01	 -1.98197210e-01	
 1.73679549e-01	  9.55228608e-01	 -2.39525512e-01	  2.51033540e-01	
-3.23407682e-01	  2.85056598e-01	  9.02301584e-01	 -1.00431191e-01	
 0.00000000e+00	  0.00000000e+00	  0.00000000e+00	  1.00000000e+00	
42	 45	 60	
 8.84971847e-01	 -7.51400990e-02	  4.59540070e-01	 -4.44026227e-01	
 2.19226948e-01	  9.37910456e-01	 -2.68820319e-01	  2.46553310e-01	
-4.10807142e-01	  3.38642445e-01	  8.46496445e-01	  3.50367775e-02	
 0.00000000e+00	  0.00000000e+00	  0.00000000e+00	  1.00000000e+00	
42	 46	 60	
 9.86936823e-01	  2.08893214e-02	  1.59745332e-01	  1.16979471e-01	
 2.40225534e-02	  9.61390885e-01	 -2.74135170e-01	  3.12265233e-01	
-1.59303499e-01	  2.74392091e-01	  9.48330386e-01	 -1.62195355e-01	
 0.00000000e+00	  0.00000000e+00	  0.00000000e+00	  1.00000000e+00	
42	 47	 60	
 9.94739107e-01	  8.83220210e-03	 -1.02043426e-01	  2.79061043e-01	
-2.62281422e-02	  9.85024033e-01	 -1.70409039e-01	  4.06152941e-01	
 9.90110571e-02	  1.72189592e-01	  9.80073867e-01	 -3.79297703e-01	
 0.00000000e+00	  0.00000000e+00	  0.00000000e+00	  1.00000000e+00	
42	 48	 60	
 8.23426607e-01	  1.56498244e-01	 -5.45412800e-01	  3.94257206e-01	
-2.59617913e-01	  9.58610565e-01	 -1.16892678e-01	  4.45147037e-01	
 5.04546660e-01	  2.37851533e-01	  8.29974993e-01	 -5.02052689e-01	
 0.00000000e+00	  0.00000000e+00	  0.00000000e+00	  1.00000000e+00	
43	 44	 60	
 9.98309335e-01	 -5.74050188e-02	 -9.29764464e-03	 -1.25041897e-01	
 5.61205475e-02	  9.92936224e-01	 -1.04535755e-01	  2.78539958e-01	
 1.52336882e-02	  1.03836715e-01	  9.94478262e-01	  5.26051094e-02	
 0.00000000e+00	  0.00000000e+00	  0.00000000e+00	  1.00000000e+00	
43	 45	 60	
 9.92152467e-01	 -7.43044808e-02	  1.00571380e-01	 -4.01252436e-01	
 8.88896205e-02	  9.84785277e-01	 -1.49325081e-01	  3.12963321e-01	
-8.79441800e-02	  1.57092836e-01	  9.83660923e-01	  8.90283824e-02	
 0.00000000e+00	  0.00000000e+00	  0.00000000e+00	  1.00000000e+00	
43	 46	 60	
 9.75959569e-01	  4.01566919e-02	 -2.14227162e-01	  1.96883968e-01	
-6.66707487e-02	  9.90772143e-01	 -1.18007989e-01	  3.08055077e-01	
 2.07512778e-01	  1.29453399e-01	  9.69630476e-01	  1.01528692e-01	
 0.00000000e+00	  0.00000000e+00	  0.00000000e+00	  1.00000000e+00	
43	 47	 60	
 8.87351306e-01	  6.73270717e-02	 -4.56152361e-01	  4.34399564e-01	
-7.25189083e-02	  9.97348279e-01	  6.13964061e-03	  3.52974872e-01	
 4.55357504e-01	  2.76309505e-02	  8.89880487e-01	 -5.27035359e-02	
 0.00000000e+00	  0.00000000e+00	  0.00000000e+00	  1.00000000e+00	
44	 45	 60	
 9.94120954e-01	 -1.65170473e-02	  1.07004453e-01	 -2.73255919e-01	
 2.21773510e-02	  9.98406664e-01	 -5.19030137e-02	  5.38176171e-02	
-1.05976305e-01	  5.39711982e-02	  9.92902838e-01	  3.51920452e-02	
 0.00000000e+00	  0.00000000e+00	  0.00000000e+00	  1.00000000e+00	
44	 46	 60	
 9.73725690e-01	  9.76652138e-02	 -2.05716990e-01	  3.23782269e-01	
-1.00675336e-01	  9.94910829e-01	 -4.19362192e-03	  1.59072050e-02	
 2.04261016e-01	  2.47942327e-02	  9.78603347e-01	  4.25745184e-02	
 0.00000000e+00	  0.00000000e+00	  0.00000000e+00	  1.00000000e+00	
44	 47	 60	
 8.88714678e-01	  1.23607597e-01	 -4.41479739e-01	  5.61067163e-01	
-7.56603482e-02	  9.89307914e-01	  1.24683333e-01	  3.08605858e-02	
 4.52172200e-01	 -7.74059487e-02	  8.88565569e-01	 -1.17710194e-01	
 0.00000000e+00	  0.00000000e+00	  0.00000000e+00	  1.00000000e+00	
45	 46	 60	
 9.44122464e-01	  1.16525619e-01	 -3.08309803e-01	  5.91905582e-01	
-1.05576031e-01	  9.93048803e-01	  5.20275307e-02	 -4.73142563e-02	
 3.12229636e-01	 -1.65704496e-02	  9.49863158e-01	  7.31834416e-02	
 0.00000000e+00	  0.00000000e+00	  0.00000000e+00	  1.00000000e+00	
45	 47	 60	
 8.33893086e-01	  1.53022092e-01	 -5.30286923e-01	  8.45113668e-01	
-6.58166072e-02	  9.81510432e-01	  1.79734186e-01	 -4.49552579e-02	
 5.47986459e-01	 -1.14978548e-01	  8.28547588e-01	 -6.13493323e-02	
 0.00000000e+00	  0.00000000e+00	  0.00000000e+00	  1.00000000e+00	
46	 47	 60	
 9.65342564e-01	  4.94941540e-03	 -2.60934270e-01	  1.96805222e-01	
 2.27318234e-02	  9.94425299e-01	  1.02962927e-01	  3.40774798e-02	
 2.59989637e-01	 -1.05326570e-01	  9.59848936e-01	 -2.05731232e-01	
 0.00000000e+00	  0.00000000e+00	  0.00000000e+00	  1.00000000e+00	
46	 48	 60	
 7.26057508e-01	  1.39591838e-01	 -6.73315199e-01	  3.30988816e-01	
-9.39499796e-02	  9.90133382e-01	  1.03965454e-01	  4.02894667e-02	
 6.81185906e-01	 -1.22275610e-02	  7.32008842e-01	 -3.14431313e-01	
 0.00000000e+00	  0.00000000e+00	  0.00000000e+00	  1.00000000e+00	
47	 48	 60	
 8.75861632e-01	  1.54083613e-01	 -4.57303170e-01	  1.01413756e-01	
-1.61578884e-01	  9.86592744e-01	  2.29531166e-02	  1.82905635e-02	
 4.54709477e-01	  5.37863030e-02	  8.89015415e-01	 -1.38709457e-01	
 0.00000000e+00	  0.00000000e+00	  0.00000000e+00	  1.00000000e+00	
48	 49	 60	
 8.30395894e-01	  1.86862761e-01	 -5.24904060e-01	  1.68171538e-01	
-1.79503986e-01	  9.81577097e-01	  6.54587304e-02	  3.39149766e-02	
 5.27464951e-01	  3.98658349e-02	  8.48641345e-01	 -1.00729742e-01	
 0.00000000e+00	  0.00000000e+00	  0.00000000e+00	  1.00000000e+00	
48	 50	 60	
 6.40435079e-01	  3.18313664e-01	 -6.98940876e-01	  2.99698347e-01	
-2.78014694e-01	  9.44432363e-01	  1.75372037e-01	 -1.20262611e-03	
 7.15925064e-01	  8.20026022e-02	  6.93344773e-01	 -1.64880762e-01	
 0.00000000e+00	  0.00000000e+00	  0.00000000e+00	  1.00000000e+00	
49	 50	 60	
 9.59346458e-01	  1.38049840e-01	 -2.46163305e-01	  8.16858434e-02	
-1.24679119e-01	  9.89782543e-01	  6.91765242e-02	 -1.24507270e-02	
 2.53197501e-01	 -3.56715563e-02	  9.66756467e-01	 -1.25778788e-01	
 0.00000000e+00	  0.00000000e+00	  0.00000000e+00	  1.00000000e+00	
49	 51	 60	
 9.20069355e-01	  8.03274398e-02	 -3.83430534e-01	  3.66499117e-02	
-7.54099930e-02	  9.96763105e-01	  2.78668144e-02	 -2.89160049e-01	
 3.84426671e-01	  3.27597188e-03	  9.23149776e-01	 -5.84184745e-03	
